0 0 0 0 -2 1
1 0 0 0 -1 2
1 -1 1 -1 -1 1
12 -11 3 -15 -4 0
18 -3 11 -2 -11 16
0 -19 9 -4 -17 6
17 -14 15 -9 -8 3
14 -8 7 -12 -17 15
9 -7 5 -19 -6 0
0 -8 19 -20 -20 10
14 -15 18 -16 -6 7
13 -16 5 -1 -3 17
16 -16 11 -7 -11 2
6 -11 0 -1 -6 14
12 -4 7 -3 -8 12
8 -12 0 -16 -17 17
3 -13 14 -10 -8 4
8 0 12 -13 -10 15
1 -1 6 -13 -2 15
10 -15 16 -7 -8 11
18 -19 0 -6 -19 1
16 -3 17 -5 -11 6
3 -18 12 -5 -8 17
5 -9 9 -4 -5 4
6 -16 16 -13 -1 4
2 -20 11 -4 0 17
13 0 10 -12 -6 8
18 -10 9 0 -18 14
10 -15 14 0 -6 19
4 -18 12 -9 -2 13
2 -11 1 -3 0 2
6 -5 11 -6 -16 13
11 -15 3 -3 -8 2
9 -19 18 -17 -5 2
7 -9 15 -10 -18 7
17 -5 1 -8 -4 12
15 -16 7 -12 -4 2
16 0 15 -1 -19 15
18 -15 19 0 -20 3
20 -15 17 -13 0 17
6 -13 8 -3 -11 7
5 -20 15 -10 -14 6
2 -2 8 -2 -10 18
14 -4 0 -20 -6 1
6 -6 10 -14 -9 10
10 -14 10 -18 -6 3
19 -8 6 -1 -16 12
9 -1 9 -9 -16 10
17 -2 10 -15 -3 10
10 -6 14 -6 -18 13
7 -3 18 -16 -13 14
9 -2 6 -2 -19 17
3 -19 10 -4 -10 4
7 -18 14 -5 -10 14
8 -12 12 -4 -18 8
4 -7 15 -1 -12 2
3 -16 2 0 -12 18
9 -8 13 -11 -19 2
13 -19 19 -17 -7 11
20 -17 8 -10 -4 17
18 -13 17 -11 -18 10
3 -12 20 -7 -12 10
8 -13 11 -1 0 1
11 -5 17 -13 -7 12
11 -17 17 -15 -11 15
18 -7 5 -7 -10 11
20 -2 8 -7 -3 3
11 -13 11 -20 -2 15
2 -7 9 -18 -11 14
7 -8 12 -11 -12 1
2 -6 8 -18 -2 14
6 -13 12 -5 -7 16
20 -11 9 -8 -2 17
15 -16 15 -10 -7 14
12 -2 8 -6 -13 15
0 -9 8 -15 -3 0
16 -4 14 -5 -14 2
8 -18 5 -18 -11 6
6 -9 14 -13 -15 0
20 -12 14 -17 -6 9
10 -11 19 0 -4 17
3 -12 1 -1 0 5
12 -17 13 -15 -11 6
16 -15 12 -7 0 12
9 -15 15 -20 0 0
2 -17 12 -12 0 1
13 -14 3 0 -13 6
18 0 19 -1 -8 3
9 -9 16 -17 -20 11
1 -19 9 -9 -4 3
18 0 7 -1 -8 7
1 -2 10 -8 -20 11
6 -5 3 -8 -7 18
12 -9 14 -3 -16 1
13 -7 9 -17 -19 0
20 -10 10 -20 -2 12
20 -6 14 -19 -17 5
9 -10 1 -6 -6 10
12 0 9 -3 -7 11
15 -9 13 -10 0 15
3 -8 3 -16 -20 3
6 -7 19 -20 -14 19
20 -20 20 -12 0 4
4 -12 12 -6 -3 7
14 -1 12 -4 -8 17
19 -8 20 -11 -5 6
18 -4 0 -10 -8 18
14 -20 16 -16 0 12
6 -18 18 -17 -6 8
15 -9 4 -14 -18 1
5 -11 7 -18 -11 2
16 -11 14 -11 -11 1
11 -9 2 -14 -15 9
13 -18 10 -18 0 17
17 -2 8 -10 -18 4
17 -2 19 -8 -18 14
17 -20 13 -7 -6 17
18 -8 20 -11 -8 4
14 -12 5 -18 -4 2
11 -14 6 -11 -6 19
9 -12 9 -7 -14 16
12 -4 8 -15 -14 15
6 -7 14 -18 -10 3
20 -19 7 -8 -15 12
19 0 9 -5 -15 7
0 -8 5 -11 -20 17
16 -18 5 -14 -9 11
10 -13 15 -5 -1 13
1 -7 6 -3 -2 6
12 -14 9 -14 -5 3
18 -13 14 -12 -10 15
4 -10 6 -7 -5 9
17 -17 7 -3 -4 17
3 -19 19 -17 -15 19
20 -9 11 -8 -2 1
0 -6 14 -10 -12 11
13 -6 17 -3 0 7
12 -14 1 -16 -8 4
3 -5 12 -5 -9 13
12 -13 2 -3 -2 17
8 -7 8 -2 -15 4
12 -13 12 -6 -17 7
10 -12 16 -19 -13 0
1 -20 13 -17 -8 4
16 -13 18 -3 -13 6
15 0 9 -8 -13 1
1 -17 0 -11 -7 15
4 -13 7 -14 -17 15
11 -11 13 -12 0 8
15 -20 15 -1 -2 17
6 -14 16 -7 -5 1
7 -7 18 -11 -9 7
16 -4 11 -3 -18 19
4 -11 6 -14 0 10
4 -17 17 -7 -2 19
20 -19 17 -7 -4 11
13 -4 11 -6 -7 4
13 -13 19 -11 -1 17
2 -12 8 -12 -7 18
18 -1 16 -3 -7 18
19 -5 5 -2 -11 7
7 -16 10 -5 -5 12
20 -9 9 -9 -11 12
14 -8 14 -4 -1 7
0 -12 17 -19 -19 0
16 -14 15 -11 -9 4
12 -3 16 -19 -16 5
9 -13 7 0 -4 10
17 -6 9 -9 -13 16
6 -15 1 -15 -19 17
5 -20 10 -13 -7 2
2 -5 20 -19 -10 1
15 -11 11 -4 -4 13
14 -4 6 -8 -16 8
5 -5 15 -12 -4 13
10 -12 12 -10 -4 10
3 -12 13 -18 -13 18
16 -11 17 -5 -2 6
13 -15 20 -11 -9 10
2 -8 1 -18 -16 15
15 -17 14 -5 -7 5
20 -3 20 -8 -11 0
11 -13 5 0 -17 7
13 -1 10 -20 -4 4
14 -14 18 -6 -13 7
15 -11 3 -19 -18 13
5 -12 3 -3 -13 11
12 -15 1 -1 -10 17
14 -2 10 -15 -13 14
18 0 6 -6 -3 19
4 -20 17 -15 -19 14
4 -19 13 -15 -16 6
8 -19 17 -14 -18 16
1 -17 0 0 -9 6
2 0 19 -4 -17 18
19 -14 9 -1 -18 16
11 -16 5 -14 -3 17
5 -7 0 -8 -13 8
8 -14 7 -14 -13 2
2 -4 10 -4 -6 1
12 -8 9 -20 0 15
8 -4 20 -13 -19 17
5 -12 17 -19 -11 13
9 -4 13 -18 -18 7
18 -18 0 -15 -10 11
3 -17 20 -18 -8 18
4 -2 1 -2 -2 11
6 -4 5 -15 -10 5
6 -14 4 -4 -3 3
12 -12 6 -17 -12 2
15 -12 19 -18 -14 15
15 -2 2 -15 0 14
7 -13 19 -5 -9 5
4 -2 5 -11 -19 9
6 -18 5 -15 -12 10
10 -15 15 -19 -19 4
12 -15 0 -10 -15 1
12 -18 18 -20 -19 15
9 -5 14 -8 0 10
18 -20 12 0 -14 16
6 -7 15 -14 -15 2
14 -13 14 -1 -15 3
8 -5 3 -13 -7 7
11 -1 0 -8 -8 18
1 -9 9 -4 -19 6
3 -18 16 -16 -3 8
8 -11 1 -16 -20 7
16 -16 5 -13 -15 9
4 -5 0 -3 -6 6
8 -1 12 -1 -14 8
6 -18 7 -11 -3 5
16 -19 1 -5 -20 10
4 -17 20 -9 -11 16
16 -8 19 -11 -9 17
6 -6 2 -7 -15 7
5 -4 19 -8 -18 16
19 -11 9 -2 -10 19
5 -17 11 -9 -18 5
0 -9 2 -15 -12 9
1 -12 0 -15 -10 7
0 -18 13 -17 -20 9
19 -6 18 -8 -20 14
12 -18 2 -16 -8 11
11 -11 0 -2 -9 4
8 -4 13 -19 -6 12
2 -1 8 -7 -9 1
7 -12 14 -1 -17 6
10 -8 7 -13 -5 19
7 -14 18 -19 -14 16
16 -2 4 -11 -12 8
6 -2 17 -4 -15 4
11 0 18 0 -7 12
1 -16 17 -16 -11 1
6 -10 1 -15 -13 9
19 -18 20 -18 -16 19
13 -3 18 -13 -9 5
19 -17 1 -18 -1 1
2 -16 8 -7 0 2
1 -20 2 -14 -19 13
13 -6 4 -16 -6 2
3 -16 15 0 -19 10
20 -17 3 -3 -17 14
14 -14 6 -19 -8 16
9 -3 18 -10 -1 0
20 -15 13 -16 -11 0
10 -7 3 -16 -15 5
0 -14 8 -4 -13 5
2 -17 3 -9 -13 9
4 -19 6 -3 0 6
8 -8 7 -16 -18 13
10 -17 18 -3 -13 8
14 -9 10 0 -1 15
19 -18 17 -4 -14 2
18 -17 0 -20 -12 5
0 -15 19 -13 -8 5
5 -14 5 -11 -17 16
13 -9 14 -6 -20 2
0 -16 8 -5 -19 7
8 -11 4 -12 -11 12
8 -10 12 -16 -12 8
17 -18 19 -4 -13 8
4 -5 8 -16 -11 9
14 -17 4 0 -9 8
14 -5 14 -4 -1 5
14 -14 14 -5 -4 15
3 0 4 -6 -3 16
18 -10 16 -15 -4 11
0 -11 19 -6 -9 3
7 -7 15 -2 -15 0
5 0 11 -12 -7 3
7 -5 10 -7 0 9
19 -20 4 -9 -3 11
17 -11 5 -6 -15 11
17 -16 7 -10 -1 3
1 -12 4 -3 -1 15
5 -4 14 -2 -17 1
5 -18 7 -8 -16 8
11 -1 12 0 -19 11
5 -12 16 -12 -7 16
19 -6 13 -6 -4 13
15 -5 15 -13 -14 15
8 -11 7 -11 -4 15
6 -4 13 -5 -15 18
3 -4 12 -11 -11 10
14 -7 3 -7 -17 19
10 -14 10 -5 -20 17
3 0 13 -14 -13 2
0 -1 4 -16 -11 19
13 -14 20 -9 -2 1
15 -10 7 -7 -9 5
6 -17 3 -12 -9 2
17 -14 5 -19 0 5
6 -15 2 -5 -13 19
19 -1 7 -7 -2 1
17 -7 5 -7 -1 3
20 -7 9 -3 -5 12
12 -3 10 0 -19 7
17 -8 12 -4 -8 13
19 -13 2 -19 -8 3
6 -15 6 -20 -10 1
17 -18 4 -10 -10 19
16 -20 2 -15 -10 12
9 -14 16 -3 -4 12
7 -10 8 -17 -9 1
10 -15 4 -18 -9 13
16 -19 18 0 -16 5
3 -2 6 -5 -2 15
19 -7 3 -7 -14 7
15 -4 7 -5 -17 6
17 -15 12 -3 -11 14
8 0 18 -10 -2 3
10 0 17 -10 -14 16
8 -3 4 -3 0 13
9 -1 7 -4 -14 19
12 -3 1 -20 -14 13
12 0 8 -14 -2 7
2 -7 4 -4 -11 11
3 -8 14 -2 -4 9
17 -14 6 -16 -8 8
11 -15 10 -10 -14 16
11 -19 13 -13 -11 16
9 -14 7 -2 -12 15
20 -20 9 -14 -6 2
1 -4 5 -8 0 17
5 -6 9 -13 -17 8
12 -19 11 -16 -5 6
16 -6 3 -2 -1 8
19 -1 2 -1 -15 4
20 -17 7 -18 -11 9
0 -3 19 -17 -16 0
2 -11 18 -6 0 6
7 -14 10 -1 -11 12
0 -4 5 -20 -2 18
5 -11 19 -9 -6 13
2 -16 13 -20 -20 4
12 -16 15 -2 -20 8
14 -13 16 -2 -3 12
19 0 18 -17 -16 5
14 -19 5 -2 0 12
6 -5 7 -13 -15 0
20 -9 10 -4 -15 1
15 -18 1 -2 -4 3
9 -14 11 -10 -17 5
5 -15 12 -9 -10 19
1 -8 16 -19 -2 19
3 -4 4 -16 -15 6
0 -4 5 -5 -3 11
9 -8 5 -17 -18 18
9 -6 19 -17 -16 15
17 -3 0 -9 -9 14
14 -7 14 -12 -3 16
20 -13 20 -18 -10 10
1 -13 15 -15 -8 1
0 -1 18 -17 -3 19
11 -1 15 -8 -3 2
19 -15 3 -12 -1 15
17 -8 10 -6 -9 10
15 -18 4 -4 -5 10
18 -18 0 -18 0 8
2 -17 6 0 -3 12
14 -9 6 -1 -8 1
8 -14 8 -2 -3 0
11 -3 6 -13 -1 19
5 -5 17 -9 -7 15
2 -10 13 -6 -3 17
17 -9 14 -8 -4 10
12 -20 7 0 -13 4
16 -10 5 -13 -3 9
5 -5 1 0 -9 11
17 -10 10 -9 -18 5
7 -12 19 -19 0 12
16 -3 12 -19 -19 8
6 0 16 -19 -16 1
19 -14 10 -13 -13 9
1 -5 1 -14 -18 3
13 -13 15 -1 -14 10
12 -16 16 -9 -4 14
5 -12 8 -7 -19 4
9 -8 5 -18 0 16
10 0 15 -4 -1 3
14 -9 17 -3 -17 5
13 -2 16 -18 -6 14
0 -19 12 -11 -11 16
7 -14 13 -1 -11 18
7 -7 4 -8 -15 19
10 -17 15 -3 -2 18
16 -17 2 -16 -1 7
3 -11 4 -7 -1 5
5 -16 4 -12 -5 0
4 -18 18 -20 -14 19
0 -1 5 -6 -9 0
16 -11 8 -1 -8 17
5 -6 7 -15 -4 3
2 -13 0 -9 -9 9
13 -20 3 -16 -2 7
20 -6 12 -20 -3 9
14 -6 10 -5 0 13
2 -13 0 -18 -6 13
2 -1 10 -11 -1 18
3 -7 8 -4 -4 7
8 -2 17 -4 -13 2
12 -1 1 -6 -12 18
9 -5 11 -19 -5 6
9 -17 1 -10 -6 3
19 -15 7 -14 -7 11
13 -7 10 -11 -12 0
4 -1 3 -3 -2 19
12 -5 10 -9 -15 17
13 -17 9 -17 -16 17
10 -3 9 -18 -19 12
9 -20 19 -2 -12 5
11 -17 13 -9 -16 0
8 -18 4 -5 -8 11
18 -3 10 -3 -17 19
18 -8 18 -16 -19 12
6 -12 8 -7 -16 17
17 -12 1 -20 -20 9
0 -9 15 -4 -5 10
18 -9 1 -17 0 2
1 -5 13 -16 -9 12
7 -17 15 -15 -11 17
17 -10 19 -4 -11 1
8 -13 16 -1 0 9
15 -15 10 -6 -14 3
7 -3 0 -4 -12 10
14 -6 15 -18 -11 4
12 -3 4 -2 -5 13
5 -10 20 -12 -15 2
11 -13 11 -17 -5 16
4 -18 8 -1 -20 14
19 -11 10 -13 -18 17
3 -14 3 -1 -10 18
7 -9 5 -18 -12 7
2 -3 6 -10 -12 17
15 -13 14 -20 -7 13
1 -17 9 -11 -7 17
3 0 7 -11 -18 6
2 -18 5 -13 -13 1
15 -9 18 -14 -5 5
12 -16 15 -20 -2 13
11 0 18 -17 -12 3
6 -10 8 -8 -5 13
15 0 1 -20 -18 16
7 -5 16 -19 -10 9
3 -17 6 -9 -2 17
15 -1 13 -15 -4 8
8 -6 10 -18 -19 13
4 -14 13 -3 -13 3
18 -9 4 -12 -16 14
15 0 19 -18 -17 4
18 -9 14 -17 -17 10
18 -20 3 -14 -10 4
4 -4 13 -10 -14 5
6 -14 8 -20 -10 7
3 -20 1 -2 -3 15
6 -12 10 -20 -19 5
14 -19 20 -16 -18 6
11 0 5 -7 -8 13
11 -2 6 -20 -17 7
11 -7 12 -14 -6 4
19 -8 10 -9 0 6
13 -10 10 -14 -13 1
19 -12 10 -19 -7 1
13 -2 16 -13 -19 12
3 -3 0 -19 -14 16
9 -6 19 -1 -17 0
10 -10 9 0 0 19
4 0 18 -15 -13 19
2 -15 6 0 -19 3
18 -20 18 -14 -20 9
16 -6 19 -12 -7 16
5 -8 6 -16 -1 13
18 -5 9 -18 -8 10
7 -5 12 -15 -20 14
3 0 6 -6 -4 19
15 -16 11 -11 -18 1
1 -7 2 -14 -1 14
15 -8 3 -9 -20 19
17 -6 13 -14 -17 16
20 -2 3 -1 -19 16
12 -12 16 -17 -1 1
19 -20 3 -12 -18 16
3 -8 12 -18 -5 19
4 -20 16 -19 -6 16
0 -19 11 0 -17 8
11 -19 4 -1 -5 1
4 -9 6 -7 -8 14
17 -2 19 -9 -11 14
19 -20 18 -1 -4 13
13 0 0 -15 -10 18
12 -11 19 -16 -9 18
6 -9 17 -18 -5 1
16 -10 8 -16 -12 5
18 -7 3 0 -9 6
6 -5 15 -7 -7 14
3 -3 20 -13 -4 5
14 -7 9 -7 -11 10
13 -13 8 -5 -5 18
7 -17 4 0 -14 10
15 -11 7 -12 -17 3
0 -13 3 -20 -14 3
18 -9 11 -11 -2 14
12 -8 8 0 -1 10
20 -14 1 -5 -12 19
4 -20 16 -16 -13 10
7 -13 7 -17 -10 13
16 -8 18 -9 -18 10
3 -20 12 -16 -11 13
6 -18 6 -13 -19 1
15 -17 20 -17 -3 7
16 -12 18 -4 -4 1
19 -15 10 -13 -17 6
7 -17 1 -10 -5 11
2 -3 17 -5 -18 8
18 -4 17 -3 -7 10
11 -1 14 -1 -3 18
0 -12 20 -8 -2 16
0 -17 3 -5 -18 13
1 -15 13 -18 0 10
8 -10 16 -6 -13 18
12 -12 15 -11 -19 9
4 -18 11 -12 -19 2
19 -15 17 -1 -12 12
10 -18 12 -17 -5 3
10 -4 17 -2 -11 9
0 -10 16 -9 -18 13
15 -4 18 -18 -15 0
20 -9 0 -6 -15 16
18 -16 12 -2 -3 8
13 -1 1 -8 -6 6
18 -19 19 -8 -3 12
14 -18 16 -10 -2 4
16 -15 13 -9 -17 3
13 -20 14 -20 -10 6
18 -18 18 -19 -19 4
18 -5 16 -1 -7 1
15 -18 1 -18 -4 2
4 -16 3 -9 -4 7
11 -18 17 -12 -5 6
4 -4 5 -9 -7 6
17 -4 2 -12 -11 10
17 -17 16 -19 -16 15
14 -13 20 -19 -11 10
15 -4 13 -18 -10 11
3 -16 10 -1 -11 8
17 -17 5 -14 -17 4
8 -10 0 -12 -15 3
9 -15 12 -17 -18 6
0 -8 0 -17 -16 19
5 -17 14 -11 -9 9
15 -14 9 -20 -11 12
17 -15 15 -9 -16 13
7 -19 18 -12 -7 2
9 -2 1 -2 -2 5
13 -9 11 -16 -16 12
15 -16 13 -1 -6 1
3 -14 14 -9 -19 12
7 -9 0 -10 -12 16
9 -13 7 -9 -14 7
14 0 8 -4 -12 11
13 -5 1 -20 -14 14
1 -2 2 -10 -10 1
0 -8 12 -13 -10 5
6 0 5 -14 -13 6
17 -20 19 -18 -12 15
15 -17 7 -10 -18 2
7 -11 8 -5 -11 6
3 -6 18 -15 -15 7
14 -7 11 -16 -2 10
3 -15 11 -4 -19 0
16 -10 15 -20 -4 5
16 -14 13 -4 -8 9
14 -16 12 -10 0 9
0 -2 9 -16 -14 19
12 -6 4 -19 -18 10
3 -5 5 -16 -11 5
4 -5 5 -11 -15 10
19 -13 6 -2 -2 3
12 -12 13 -12 -5 9
13 -17 7 -7 -13 7
7 -7 13 -3 -2 19
5 -9 5 -1 -6 1
18 -11 10 -5 -5 2
11 -19 18 -1 -8 7
19 -14 15 -3 -9 5
4 -3 9 -19 -13 18
17 -1 15 -8 -17 14
10 -19 3 -1 -11 0
16 -20 20 -18 -4 2
18 0 12 -4 -6 18
11 -13 7 -8 -6 8
7 -19 17 -6 -6 7
14 -18 12 -16 -17 16
17 -14 19 -18 -16 16
1 -14 14 -1 -4 17
18 -9 18 -5 -2 14
0 -14 12 -3 -18 1
14 -14 13 -17 -4 16
0 -11 2 -7 -15 7
17 -14 19 -4 -2 16
5 -20 3 -19 -2 14
14 -16 2 -2 -4 17
9 -6 17 -16 -13 19
12 -13 15 -1 -11 19
5 -8 18 -12 -10 5
5 -9 10 -7 -6 12
2 -7 17 -9 -7 9
18 -3 3 -14 -7 5
19 -2 13 -8 -9 9
15 -13 12 -9 -18 2
5 -15 2 -19 -5 9
18 -2 14 -11 -8 15
6 -14 9 -5 -11 6
18 -15 12 -16 -4 1
3 -9 18 -13 -18 9
1 -4 9 -6 -4 0
11 -2 4 -9 -11 17
12 -5 5 -20 -18 0
8 -20 4 -14 -9 13
11 -7 12 -3 -10 0
17 -5 20 -13 -17 15
7 -1 7 -5 -18 18
5 -6 14 -2 -1 4
12 -20 17 -13 -16 15
4 -11 6 -20 -20 9
4 -4 9 0 -4 3
0 -8 10 -1 -2 15
8 -16 18 -2 -2 11
1 -16 13 -3 -20 8
9 -5 1 0 -19 7
14 -9 4 -12 -1 1
1 0 5 -14 -12 6
16 -10 7 -1 -15 12
8 -3 15 -15 -11 7
10 -5 14 -5 -6 1
16 -13 13 -9 -11 7
8 -3 20 -8 -19 3
9 -14 0 0 -6 0
0 -20 8 -20 -5 8
10 -7 20 -4 -14 7
11 0 16 -19 -8 3
8 -4 18 -7 -6 13
5 -3 1 -14 -3 0
8 -3 9 -10 -18 6
6 -15 12 -1 -18 0
13 -16 20 -13 -1 3
1 -2 15 -18 -5 17
5 -6 15 -4 -5 14
4 -3 8 0 -15 17
15 -1 13 -1 -9 15
9 0 9 -16 0 2
16 -20 18 -14 -6 4
3 -12 0 -19 -20 6
19 -16 4 -18 -10 14
7 -20 7 -6 -9 4
5 -5 16 -7 -16 14
9 -2 19 -10 -5 17
19 -19 9 -6 -19 4
20 -3 5 -6 -20 13
5 -17 7 -6 -11 2
5 -11 20 0 -18 9
12 -12 10 -10 -16 4
6 -10 3 -10 -1 17
7 -2 5 -6 -18 7
13 -9 10 -17 -2 10
20 -19 13 -8 -1 17
2 -9 8 -13 -19 16
12 -8 6 -3 -5 11
10 -12 15 -9 -7 2
19 -1 18 -12 -14 12
18 -7 17 -20 -16 10
3 -11 8 -15 -5 6
15 -16 11 -6 -9 6
12 -19 10 -1 -4 0
5 -16 9 -3 -20 7
5 -20 5 -19 -3 6
1 0 15 -10 -15 12
1 -18 2 -8 -8 16
3 -7 14 -5 -20 3
17 -11 7 -1 -4 10
20 -20 10 -20 -17 8
11 -13 3 -12 -20 16
14 -8 11 -17 -8 0
17 -15 16 -12 0 1
10 -2 18 -1 -18 11
5 -2 10 -6 -14 1
16 -19 19 -3 -16 18
8 -10 4 -1 -20 15
0 -13 7 -8 -20 2
19 -5 3 -17 -8 7
13 -5 16 -11 -16 18
2 -8 1 -6 -12 3
9 -16 15 -1 -14 14
18 -17 10 -7 -11 5
9 -20 5 -5 -19 13
7 -3 12 -4 -8 1
4 -1 8 -17 -2 0
11 -9 10 -16 -15 18
17 -19 2 -2 -11 8
12 -10 5 -15 -7 6
3 -3 16 -20 -14 2
2 -12 19 -3 -6 9
5 -11 17 -17 0 8
13 -8 7 -16 -6 3
8 -10 14 -18 -7 16
2 -19 5 -20 -3 5
0 -15 7 -8 -19 10
9 -10 6 0 -16 8
0 0 5 -15 -15 7
18 -16 13 -8 -1 1
16 -1 20 -20 -19 7
7 -12 8 -15 -5 14
10 -5 7 -2 -1 2
1 -17 7 -3 -14 10
14 -5 13 0 -12 11
14 -5 8 -13 -5 8
9 -13 16 -20 -5 2
13 -4 3 -8 -20 15
1 0 15 -5 -16 10
17 -19 14 -12 -8 0
4 -15 0 -1 -7 6
0 -10 9 -9 -17 4
20 -13 6 -18 -11 14
14 -17 0 -13 -4 0
18 -3 13 -1 -10 13
18 -9 7 -5 -11 4
2 -10 19 -14 -1 1
3 -13 14 -11 -8 16
20 -8 3 -5 -8 1
11 0 16 -9 -7 12
9 -12 19 -20 -5 19
18 -20 8 -10 -3 17
17 -7 19 -4 -16 4
10 -19 5 -4 -18 14
15 -9 14 -17 -16 5
12 -19 2 0 -2 13
10 -19 19 -13 -13 17
10 -4 20 -5 -6 0
4 -10 16 -5 -4 1
6 -6 0 -18 -15 15
3 -9 13 -7 -7 8
14 -14 14 -16 -18 18
2 -5 7 -20 -7 4
14 -13 0 -6 -19 4
11 -16 18 -6 -16 6
4 -1 9 -18 -9 16
13 -17 6 -1 -2 7
4 -7 18 -20 0 18
12 -1 1 -1 -2 7
1 -20 1 -7 -3 11
9 -8 7 -8 -1 8
6 -3 10 -10 -18 4
11 -17 0 -4 -1 12
11 -15 1 -12 -14 11
11 -8 19 -12 -8 11
18 -5 7 -12 -18 18
15 -6 1 -14 -16 1
10 -6 11 -16 -6 16
17 -8 10 -1 -7 3
10 -18 12 -2 -1 18
11 -20 13 -8 -15 13
10 -13 2 -6 -11 0
0 -9 11 -15 -20 9
14 -17 0 -5 -7 3
10 -4 17 -13 -15 19
1 -17 13 -2 -5 9
4 -5 7 -12 -5 8
11 -10 10 -2 -20 13
12 -7 14 -18 -7 0
8 -18 18 -4 -1 14
10 -13 7 -14 -2 1
18 -1 20 -13 -16 13
5 -8 4 -17 -19 1
19 -7 8 -12 -16 11
13 -11 3 -18 -14 10
6 0 2 -14 -16 14
3 -6 2 -2 -8 14
5 -12 15 -20 -8 19
6 -12 9 -19 -4 13
7 -10 0 -18 -9 2
1 -1 6 0 -19 6
15 -12 13 -9 -9 7
12 -3 11 -2 -9 6
5 -7 10 -14 0 14
1 -10 12 -12 -10 15
20 -7 19 0 -1 3
18 -8 7 -8 -18 0
10 -10 0 -7 -1 9
14 -12 6 -9 -3 18
12 -17 1 -4 -7 14
0 -12 0 -13 -15 17
4 -14 4 -16 -9 19
14 -14 8 -3 -14 12
6 -9 3 -15 -5 12
8 -18 19 -12 -17 14
11 -17 3 -1 -18 17
12 -16 16 -18 -12 11
17 -1 0 -5 -16 5
9 -19 7 -20 -18 12
0 -12 2 -5 -14 2
12 -2 8 -16 0 10
18 -17 14 -2 -1 1
13 -15 8 -11 -14 17
7 -13 4 -10 -6 18
12 -4 14 0 -2 1
13 -17 9 -11 -11 7
9 -7 1 -14 -13 9
15 -17 8 -2 -10 1
12 -2 8 -1 -19 18
17 -4 15 -14 -11 0
4 -5 16 -7 -16 6
1 -3 20 -17 -4 16
6 -7 9 -10 -20 12
5 -16 4 -4 -7 14
19 -3 8 -16 -8 13
17 -20 10 -14 -6 19
1 -4 6 -19 -5 6
6 -18 16 -20 -11 11
5 -3 3 -12 0 7
14 -3 2 -13 -18 10
17 -16 10 -20 -6 11
4 -11 3 -1 -5 6
12 -12 2 -15 -17 3
13 -17 18 -10 -13 9
12 -2 16 -8 -2 8
11 -11 5 -18 0 17
6 -19 3 -16 -16 10
13 -1 20 -1 -1 11
19 -5 19 -4 -8 15
3 -1 18 0 -8 15
12 -13 4 -1 -8 16
4 -16 8 -7 -13 4
5 -18 12 -3 0 3
16 -2 8 -13 -6 3
4 -8 5 -3 -12 16
1 -18 7 -11 -15 4
7 -17 4 -14 -10 12
2 -19 10 -5 -7 3
9 -9 3 -6 -2 2
6 -18 2 -19 -13 12
17 -11 13 -20 -3 1
0 -12 8 -6 -8 5
3 -6 19 -7 -19 1
13 -20 5 -4 -19 1
1 -18 11 -5 -18 3
13 -13 14 -2 0 17
11 -14 13 0 -7 3
11 -5 19 -7 -7 11
6 -10 3 -7 -4 7
20 -10 18 -3 -1 1
12 -17 0 -20 -3 2
11 -16 10 -20 -3 13
0 -2 5 -18 -6 16
11 -5 2 -3 -2 8
0 -15 10 -10 -18 13
18 -11 6 -3 -11 3
14 -11 15 0 0 8
2 -15 0 0 -9 13
8 -9 2 -2 -8 1
18 -2 0 -3 -15 2
17 -15 1 -8 -9 14
8 -5 16 -18 -11 7
7 -9 8 -15 -9 4
2 -8 11 -16 -6 0
20 -20 20 -17 -19 12
1 -18 4 -6 -18 15
13 -8 16 -10 -15 0
9 -3 17 -1 -18 18
1 -2 17 -15 -12 1
17 -18 16 -20 -19 19
8 -14 19 -13 -12 15
8 -8 7 0 -12 18
7 -3 20 -6 -9 0
0 -1 1 -19 -5 10
14 -14 20 -17 0 0
17 -2 7 -3 -6 10
15 -3 15 -9 -19 13
5 -1 4 -1 -3 7
9 -8 10 -10 -7 19
0 -8 5 -9 -8 2
7 -7 0 -4 -2 3
6 -12 4 -5 -20 18
9 -15 20 -8 -12 13
2 -16 10 -16 -6 16
16 -8 6 -10 -2 11
0 -1 11 -16 -3 6
9 0 19 -20 -17 1
14 -15 13 -20 -17 7
13 -5 15 -20 -15 17
1 -10 5 -14 -4 11
3 -6 15 -2 -15 5
19 0 13 0 -1 1
8 -16 19 -16 -3 4
7 -9 9 -2 -15 9
18 -9 14 -9 -4 10
18 -1 15 -12 -7 12
16 -7 16 -18 -17 12
14 -5 6 -19 -8 18
15 -2 14 -8 -15 1
7 -14 8 -19 0 12
14 -17 16 -13 -4 1
15 -6 8 -8 -12 14
6 -2 20 -1 -19 10
0 -9 17 0 -16 10
12 -15 8 0 -6 13
10 -11 6 -16 -18 5
6 -8 6 -2 -2 0
4 -7 1 -2 -10 16
6 -15 4 -20 -19 10
5 -13 5 -13 -4 3
12 -10 11 0 -6 0
1 -13 0 -14 -9 0
17 -13 6 -9 -14 16
7 0 7 -13 -19 6
0 -7 2 -10 -4 13
14 -11 5 -4 -2 13
14 -8 8 0 -9 1
18 -19 17 -5 -12 6
14 -14 5 -14 -6 17
1 -5 19 -17 -3 9
10 -15 0 -1 -10 11
7 -18 14 -20 -10 1
15 0 10 -19 -5 13
13 -15 20 -1 -11 13
0 -1 6 -16 -5 9
2 -18 7 -8 -18 9
8 -2 16 -12 -9 16
11 -16 18 -13 -6 18
17 -1 11 -2 -3 9
0 -19 17 -20 -13 14
13 -10 0 -18 -3 8
1 0 13 -1 -7 5
1 -17 12 -7 -1 13
3 -18 4 -2 -8 19
14 -14 20 -16 -19 2
5 -7 13 -16 -6 12
11 -19 2 -10 -8 2
6 -9 9 -10 -20 1
7 -12 13 -12 -9 15
18 -8 10 -4 -10 1
6 -17 17 -1 -5 14
13 -2 10 -14 -20 6
17 -11 8 -10 -4 10
17 -12 4 -5 -1 4
15 -13 15 -7 -3 0
14 -7 10 -18 -13 17
14 -18 10 -14 -7 0
8 -2 10 -18 -16 10
17 -16 11 -7 -14 7
11 -18 11 0 -5 9
9 -16 0 -3 -8 3
11 -19 6 -16 -11 4
7 -8 15 -5 -19 17
15 -1 8 -19 -12 10
17 -16 2 -20 -7 4
16 0 13 -2 0 16
5 -19 18 -7 -13 4
10 -8 11 -4 -16 7
1 -17 15 0 -9 18
1 -20 6 -6 -17 3
18 -1 3 -20 -9 7
7 -19 3 -11 -3 18
9 -16 11 -1 -4 11
12 -5 19 -18 -11 11
6 -20 3 -9 -14 13
16 -1 1 -15 0 15
15 -1 8 -17 -18 10
15 -19 14 -20 -8 9
9 -16 19 -3 -17 5
19 -17 20 0 -13 9
18 -19 18 -17 -19 11
12 -3 10 -13 -18 18
16 -10 1 -18 -16 0
4 -9 18 -11 -11 9
9 -15 6 -15 -18 8
4 -15 19 -8 -18 3
4 -14 7 -1 -6 8
7 -16 15 -20 -16 1
5 -6 19 -16 -9 3
16 -15 16 0 -10 8
6 -16 10 -13 -17 13
3 -16 13 -12 -9 17
14 -7 13 -19 -13 7