158 54
194
854
559
495
575
399
909
673
533
23
731
487
592
73
801
749
680
872
761
538
629
657
981
551
599
790
65
115
163
519
224
356
372
135
202
298
885
462
970
417
484
701
255
428
125
56
528
805
279
641
694
907
297
674
809
895
463
225
362
625
743
585
332
467
71
886
116
956
699
86
724
183
138
979
610
614
386
489
770
664
129
463
922
426
488
82
320
302
306
33
278
400
618
610
218
40
847
334
995
545
771
71
79
260
49
688
225
786
177
995
801
657
809
722
82
649
155
754
950
460
786
228
211
755
189
429
795
387
114
141
931
884
211
10
143
611
49
719
396
577
713
548
234
874
621
667
522
775
772
823
586
558
50
797
664
590
577
458
976