202 33
83
839
797
798
75
946
104
660
912
856
596
138
548
976
709
146
192
431
418
248
91
785
519
22
915
524
353
184
536
186
85
970
377
234
768
451
531
223
462
442
78
57
932
625
384
992
122
576
775
892
175
865
676
45
239
590
569
591
773
456
129
210
425
857
443
544
307
325
766
121
767
195
529
50
819
913
41
941
840
167
832
366
32
859
410
270
448
330
212
573
137
340
782
562
196
576
105
855
900
223
975
18
417
503
67
236
767
460
528
606
978
711
971
9
569
733
630
368
62
842
940
551
181
721
112
377
648
568
583
548
790
557
917
559
411
336
794
178
147
673
135
124
735
106
133
655
838
762
22
251
603
314
153
136
386
264
512
34
184
94
933
325
2
849
883
764
536
28
293
682
52
428
806
786
533
290
440
722
403
814
324
6
127
477
141
512
92
4
897
627
449
829
952
802
30
834
565
565
214
858
599
265
637

51 3
169
45
842
242
447
7
917
452
485
745
944
349
189
299
245
815
99
426
766
900
455
952
817
371
165
26
969
429
662
724
831
182
768
25
775
215
383
691
18
868
788
314
216
976
612
812
790
711
237
908
962
43

130 10
414
375
155
734
155
816
458
338
349
577
362
123
791
744
166
161
963
953
474
178
280
437
990
421
499
578
328
461
621
538
590
386
264
97
471
771
264
280
108
613
857
821
87
999
916
252
159
879
556
984
56
835
421
397
608
919
975
935
731
947
825
673
332
440
769
802
210
32
82
669
644
938
489
83
288
757
334
447
635
242
782
42
428
202
439
35
473
765
970
203
711
146
875
394
937
643
195
499
27
628
167
22
917
8
104
205
764
790
3
750
31
784
791
458
986
581
493
810
697
814
12
407
311
239
152
247
233
699
745
259
326

281 63
243
623
736
799
386
525
801
135
555
936
277
365
273
858
857
82
554
670
94
313
332
684
464
578
916
162
675
527
840
938
807
82
560
894
232
297
419
32
783
325
967
59
689
240
268
545
321
174
566
766
486
897
449
301
827
717
463
501
243
302
790
401
735
701
294
966
997
712
349
131
37
667
541
77
258
809
622
579
982
539
696
819
788
497
119
614
213
933
466
455
586
255
855
320
955
148
637
303
212
985
785
600
4
325
676
261
133
649
191
466
540
887
284
327
735
403
292
947
335
757
753
921
363
607
592
669
106
229
323
669
565
107
620
920
431
648
181
916
296
371
381
187
609
665
865
343
67
156
289
753
264
393
673
626
999
617
646
457
845
968
125
761
74
97
681
857
744
213
772
391
583
152
578
192
816
442
886
234
950
527
987
213
919
11
191
270
627
836
726
823
156
202
584
229
298
616
437
393
828
208
784
762
360
713
305
527
154
191
761
455
69
99
668
987
109
210
256
736
45
333
910
200
535
845
781
184
460
217
577
639
777
360
753
136
72
57
14
577
599
126
384
667
224
51
654
685
260
261
772
656
594
681
208
128
526
988
663
337
556
239
328
332
950
80
819
373
488
185
302
87
310
685
753
886
87
758
570
346
19
693
353
964

260 72
443
898
899
105
587
807
696
914
490
645
993
309
370
480
845
671
918
154
355
23
39
441
780
960
138
150
652
842
113
25
754
555
274
652
12
212
810
707
125
300
703
469
960
72
301
804
742
218
309
96
240
348
888
372
659
377
521
311
219
986
687
972
892
312
975
903
524
137
961
1000
436
664
469
747
735
769
902
477
986
210
924
578
909
164
949
568
540
469
230
758
806
268
81
698
579
56
600
102
192
561
454
979
576
922
77
310
42
978
786
379
539
62
956
800
225
904
367
116
725
948
226
882
215
306
579
793
713
531
247
256
443
700
586
18
973
14
327
14
991
465
392
882
878
700
681
454
955
399
569
31
346
146
913
912
452
491
704
516
373
302
124
815
353
61
184
325
75
863
690
417
679
82
298
556
133
978
9
87
728
929
118
73
75
30
336
878
872
392
745
245
693
868
411
398
281
595
722
355
457
764
771
135
845
421
42
977
398
50
415
478
330
532
902
404
561
238
633
433
629
378
29
673
597
439
70
877
33
144
583
841
907
354
975
751
774
16
79
523
417
845
352
99
377
254
854
289
491
487
73
119
216
101
143
164
540
213
393
924
356
975
765

280 61
91
364
805
459
794
680
875
638
31
325
14
284
179
655
126
17
727
596
232
828
739
747
719
951
139
642
306
466
406
919
145
497
282
302
307
75
981
533
64
11
858
430
647
36
84
772
52
810
368
635
989
106
381
707
56
872
349
713
337
106
631
833
954
912
134
260
338
466
793
753
477
650
182
123
37
617
894
440
427
613
74
767
718
806
474
125
29
174
837
365
279
819
550
233
730
35
492
419
501
636
524
977
285
705
451
321
322
696
112
100
309
185
866
26
343
339
503
371
512
339
88
143
158
637
375
239
23
218
10
523
854
533
851
490
589
301
163
910
349
274
361
657
811
227
34
153
917
536
875
781
227
962
923
736
950
649
974
973
218
335
495
71
867
698
561
808
998
75
717
346
348
430
354
158
656
740
310
924
275
537
56
853
498
330
588
448
978
914
772
196
248
618
618
467
315
178
274
665
604
342
362
952
771
68
109
778
807
771
54
81
307
109
934
156
439
873
955
768
786
726
963
34
696
581
852
362
110
125
26
714
466
740
17
589
807
125
718
613
247
771
45
905
232
330
61
670
203
367
437
988
93
752
373
140
684
224
501
793
700
879
858
518
618
874
106
424
351
823
388
949
946
432
206
177
114
266
198
316
984
634
655

85 27
380
567
68
603
68
213
303
298
422
172
915
648
277
690
350
451
429
298
748
860
503
924
325
120
121
640
104
107
647
531
843
26
450
263
980
869
827
634
166
248
805
80
895
433
121
244
884
549
894
631
760
748
907
85
220
379
724
675
837
722
557
680
747
6
294
79
874
120
712
39
719
517
118
966
301
590
561
184
138
454
167
898
554
425
982
773

257 54
447
992
779
3
23
877
9
668
955
234
139
19
273
857
887
742
822
187
332
735
371
469
540
889
718
93
665
51
865
819
108
663
162
238
18
536
466
378
203
773
611
341
791
883
198
677
977
371
863
308
105
585
128
645
825
198
89
489
248
306
660
707
968
821
944
985
709
762
362
911
534
325
252
324
559
801
1000
535
523
214
842
980
799
322
976
623
519
64
464
766
369
123
825
689
295
768
25
3
529
739
266
414
63
869
737
621
669
736
156
543
302
349
874
100
22
849
74
540
265
889
658
985
11
482
673
658
601
50
12
482
788
277
895
202
145
632
822
165
719
329
60
20
30
933
471
51
782
897
943
46
785
952
30
148
433
55
157
385
104
168
218
243
797
113
444
941
96
265
458
166
946
517
538
975
449
360
25
582
256
319
627
41
270
9
540
54
415
696
439
518
863
8
760
659
120
555
952
567
171
409
85
116
277
974
442
725
333
819
659
589
137
637
981
407
645
520
460
411
567
250
280
429
258
391
440
729
945
391
648
116
151
732
231
779
705
673
855
389
491
513
329
979
150
661
385
146
532
197
557
98
798
836
527
55
227
318
136
171

83 59
638
562
866
221
340
922
893
194
310
735
707
639
713
208
299
450
353
831
646
261
928
443
97
806
850
675
475
985
197
534
119
835
447
984
55
786
905
299
332
566
33
390
204
97
597
855
898
301
37
543
562
316
338
10
474
539
684
948
875
880
834
993
66
280
328
120
66
584
770
749
149
154
138
705
251
734
911
148
386
947
43
947
262
732

135 55
622
991
683
496
871
516
840
936
147
167
408
212
102
177
960
250
331
449
306
933
182
216
432
920
162
826
866
776
557
174
510
530
164
544
25
34
411
216
322
558
734
81
121
835
609
433
437
291
881
742
223
415
310
7
334
471
832
199
598
741
372
108
270
536
3
295
921
414
862
594
323
596
26
443
430
635
227
866
925
108
960
500
874
269
506
207
91
337
757
689
77
481
148
347
368
502
993
640
267
206
234
589
801
259
384
231
245
610
448
170
69
759
669
942
379
526
500
470
862
257
510
291
737
9
989
456
510
333
95
777
538
328
717
339
939
100