10
103 212 350 105 307 
105 204 100 307 351 
351 105 105 101 200 
351 307 105 101 212 
100 200 204 307 350 
351 307 105 101 212 
105 204 100 307 351 
103 212 350 105 307 
351 105 101 105 200 
100 200 204 307 350
12
103 100 200 307 351 
103 212 103 105 200 
204 307 350 204 200 
350 200 200 307 499 
103 105 351 105 101 
499 499 212 101 212 
200 101 307 212 351 
105 212 200 105 499 
350 307 204 200 204
212 351 200 499 204 
200 101 307 100 105 
212 499 100 101 351 
13
105 350 103 499 212 
105 350 103 499 212 
105 350 103 499 212 
105 350 103 499 212 
105 350 103 499 212 
105 350 103 499 212 
105 350 103 499 212 
105 350 103 499 212 
105 350 103 499 212 
105 350 103 499 212 
105 350 103 499 212 
105 350 103 499 212 
105 350 103 499 212 
11
105 204 103 204 101 
204 351 200 100 350 
351 351 350 351 212 
204 499 101 204 307
204 499 101 204 307
204 499 101 204 307  
307 103 103 200 204
307 103 103 200 204
307 103 103 200 204
212 351 212 101 307 
100 307 200 499 101 
14
351 103 100 200 499 
307 212 499 499 499 
101 307 350 200 204 
204 101 200 307 351 
350 204 204 499 499 
105 212 200 103 204 
204 212 499 204 204
101 307 350 200 204 
351 200 499 200 350 
103 351 351 212 105 
350 103 350 100 499 
350 105 204 499 105 
350 499 200 105 351 
212 351 103 204 101 
11
101 204 103 105 101 
200 101 350 351 204 
204 100 100 105 499 
212 200 103 105 350 
350 105 499 101 499 
204 350 101 350 351 
212 307 101 350 499 
100 499 101 351 350 
200 101 350 200 204 
204 351 307 204 101 
200 105 103 103 200 
17
307 101 100 105 350 
200 499 351 499 499 
499 499 351 350 307 
103 351 105 200 101 
212 103 351 101 103 
100 200 103 103 350 
200 350 307 103 100 
200 307 350 103 212 
307 499 105 204 204 
100 204 103 101 499 
105 307 499 499 350 
499 100 499 103 100 
204 200 212 101 212 
200 204 100 103 212 
204 307 105 350 103 
351 212 204 100 204 
200 101 103 103 101 
0
